0.0 0.0 0.0
3.165 -3.048 -0.0818 
4.936 3.001 1.388 
-1.896 -3.902 6.478 
-3.359 -0.32 7.596 
-2.102 0.169 -8.29 
-5.745 -6.275 -1.262 
9.321 1.925 -1.831 
-3.382 9.291 -3.008 
-6.82 -1.966 -7.733 
4.248 0.404 -9.847 
0.149 -5.504 9.392 
4.12 4.42 -9.29 
-9.179 -6.22 2.674 
1.438 11.27 -1.188 
0.117 10.62 4.763 
-5.056 9.829 -3.641 
6.4 -9.1 3.8 
-9.54 -2.92 6.34 
7.159 -3.158 -8.868 
-3.49 0.373 -11.37 
-2.3 -6.87 -9.49 
-2.05 1.2 -12.0 
-10.23 -6.58 2.346 
-9.41731 3.27715 -7.37253 
-3.465 -9.776 -7.463 
9.097 0.673 -9.08 
-3.39 12.6 0.02 
2.017 -12.42 3.856 
-11.21 -7.351 -1.326 
12.77 0.829 5.451 
1.45 -4.24 13.3 
-4.014 6.457 -11.91 
3.18 -0.977 -13.83 
-8.48 5.37 -10.6 
4.59 -13.9 -0.51 
-1.74 -10.9 9.74 
-1.867 12.39 7.824 
14.06 -4.21 -1.889 
6.678 -13.49 -0.805 
-0.26 5.81 -14.2 
4.593 6.123 -13.29 
2.94 14.9 2.28 
-6.852 1.396 14.12 
-9.337 2.338 12.64 
-7.45 -5.51 13.0 
10.81 -2.035 -11.76 
15.9 -3.86 -2.06 
-12.19 -4.677 -10.01 
-3.09 15.7 -3.71 
14.08 8.195 3.112 
11.04 12.33 -2.728 
0.23 4.01 -16.5 
-12.2 -6.34 10.1 
-15.7 -7.16 -3.08 
-8.267 11.06 10.89 
5.479 -0.731 16.83 
-14.2 -7.15 -8.08 
-15.2 9.33 2.44 
-17.3 -0.89 4.7 
16.8 -2.24 -7.52 
-15.62 -8.031 -6.007 
17.2 3.46 6.57 
-3.451 17.1 7.025 
-11.79 -13.48 -5.817 
-18.1 -4.41 -3.03 
16.7 -7.57 -4.9 
14.46 12.49 -1.264 
-9.1 -16.7 2.3 
15.21 -5.905 10.25 
-15.1 -11.1 4.67 
16.91 -8.577 3.9 
-10.54 16.22 -1.619 
19.34 -0.459 2.129 
-0.901 10.59 -16.31 
16.74 1.636 -10.32 
-3.748 -10.45 -16.35 
14.47 -8.39 -10.82 
13.7 -5.25 13.5 
-3.41 16.9 10.2 
-14.1 3.76 13.7 
16.8 -1.446 -11.19 
16.2 -7.93 9.22 
-2.59 15.6 -12.9 
15.7 -1.5 13.0 
5.37 15.9 12.0 
-19.4 0.24 7.27 
-17.6 -10.3 -5.24 
19.4 3.91 7.44 
-7.368 19.94 -1.134 
0.68 -6.46 20.3 
1.922 15.67 14.54 
-7.25 -5.55 19.6 
9.815 4.189 19.07 
6.82 18.9 -8.93 
-16.9 -11.5 8.21 
-11.3 -4.23 -18.9 
0.647 17.61 -13.91 
-5.64 -11.5 18.5 
3.76 -20.9 -7.5 
23.0 -3.1 0.3 
